<input;-3.72602902104;-0.93,-0.02,-0.81,-0.95,0.53,0.41,0.44,-0.61,-0.17,-0.33>
<input;1.3483460327;0.85,-0.03,0.40,0.90,-0.40,0.82,-0.45,-0.29,0.02,-0.34>
<input;5.87669907823;-0.28,-0.01,-0.97,-0.57,-0.71,-0.00,0.47,-0.93,-0.17,-0.27>
<input;-2.27452097941;-0.18,0.82,0.86,-0.32,-0.48,0.89,0.40,-0.55,-0.65,0.68>
<input;7.41016349812;0.12,0.55,0.28,-0.10,0.80,-0.02,0.73,0.24,0.83,0.18>
<input;0.31510882304;-0.26,-0.91,-0.97,-0.65,0.91,0.68,-0.43,-0.47,-0.94,-0.70>
<input;-0.871193374699;0.39,-0.22,0.53,-0.03,0.58,-0.32,0.98,-0.05,0.74,-0.53>
<input;-4.10300465141;-0.95,0.71,0.05,-0.79,-0.98,0.83,0.39,0.99,0.21,-0.84>
<input;-6.99052426585;0.47,0.26,0.64,-0.10,-0.10,-0.34,-0.66,0.68,0.58,-0.52>
<input;-2.84252694378;0.56,-0.36,-0.97,0.46,-0.66,-0.24,0.82,0.51,0.21,0.88>
<hidden;-1.72153806572;0.16,-0.67,-0.95,0.95,0.41,0.74,-0.31,-0.35,-0.76,0.77>
<hidden;-3.50620615983;0.08,0.96,-0.65,0.47,-0.77,0.05,-0.82,0.96,0.86,-0.09>
<hidden;-0.425136491341;0.82,-0.30,-0.27,-0.67,0.02,-0.76,0.10,-0.01,0.20,0.10>
<hidden;-6.17051353326;-0.66,-0.73,0.69,0.34,-0.12,-0.49,0.86,-0.90,0.77,-0.99>
<hidden;7.00005055921;0.02,-0.05,0.57,0.54,0.77,-0.54,0.40,0.94,-0.38,0.87>
<hidden;-4.46444864417;0.37,0.91,-0.65,0.95,0.03,0.23,-0.95,-0.71,0.84,-0.13>
<hidden;7.40259532746;0.34,-0.35,-0.82,0.88,-0.08,-0.08,-0.54,0.41,-0.36,0.39>
<hidden;7.24516331749;-0.53,-0.40,-0.86,0.92,-0.12,-0.17,-0.19,0.40,-0.89,-0.66>
<hidden;1.86769868843;-0.17,0.14,0.37,-0.49,0.15,0.56,0.63,-0.25,0.69,-0.14>
<output;2.23873918128;-0.34,-0.89,0.29,-0.07,-0.02,0.09,-0.17,0.56,0.30>
<output;5.70733784246;-0.39,-0.08,0.49,0.94,0.03,-0.14,-0.73,-0.79,0.41>
<output;-1.41138582532;0.36,0.58,-0.38,-0.45,-0.34,-0.02,-0.65,-0.97,0.53>
<output;-1.22165906026;-0.15,-0.32,0.74,0.55,0.35,0.74,0.32,0.18,-0.49>
<output;-0.30470378198;-0.17,-0.17,0.13,1.00,0.51,0.81,-0.96,-0.17,0.30>
<output;-0.462496367817;0.52,-0.74,0.34,-0.54,-0.20,-0.89,-0.07,-0.82,0.40>
<output;0.314157990238;-0.64,0.52,0.52,-0.42,-0.21,0.26,0.71,-0.61,0.94>
<output;-0.747421596515;-0.71,-0.38,-0.18,-0.85,-0.74,-0.11,-0.40,-0.03,-0.84>
<output;4.38562553204;0.08,0.42,-0.88,-0.28,-0.26,-0.83,0.71,-0.42,0.45>
